1 0.5111979166666667 0.9152777777777777 0.0078125 0.14722222222222223
6 0.5934895833333333 0.8407407407407408 0.16927083333333334 0.016666666666666666
1 0.6796875 0.9185185185185185 0.017708333333333333 0.16296296296296298
2 0.6049479166666667 0.9523148148148148 0.0203125 0.09537037037037037
2 0.5796875 0.9495370370370371 0.014583333333333334 0.10092592592592593
2 0.2747395833333333 0.9416666666666667 0.027604166666666666 0.11666666666666667
2 0.4044270833333333 0.9476851851851852 0.0203125 0.09166666666666666
2 0.3854166666666667 0.9486111111111111 0.021875 0.10277777777777777
4 0.5005208333333333 0.9888888888888889 0.05 0.05
4 0.44895833333333335 0.9824074074074074 0.05 0.05
3 0.425 0.9796296296296296 0.05 0.05
3 0.3729166666666667 0.9944444444444445 0.05 0.05
