6 0.109375 0.45092592592592595 0.21875 0.07407407407407407
1 0.20729166666666668 0.6143518518518518 0.022916666666666665 0.2953703703703704
2 0.051041666666666666 0.7060185185185185 0.05520833333333333 0.20277777777777778
2 0.09244791666666667 0.7712962962962963 0.0734375 0.2796296296296296
0 0.3296875 0.7592592592592593 0.019791666666666666 0.03518518518518519
4 0.20989583333333334 0.7601851851851852 0.05 0.05
4 0.29791666666666666 0.7361111111111112 0.05 0.05
4 0.8609375 0.8203703703703704 0.05 0.05
5 0.8640625 0.9740740740740741 0.05 0.05
5 0.2 0.8712962962962963 0.05 0.05
3 0.3333333333333333 0.7268518518518519 0.05 0.05
3 0.309375 0.7824074074074074 0.05 0.05
3 0.4973958333333333 0.774074074074074 0.05 0.05
