2 0.4283854166666667 0.7583333333333333 0.04010416666666667 0.10185185185185185
4 0.9234375 0.7611111111111111 0.05 0.05
4 0.5776041666666667 0.7703703703703704 0.05 0.05
5 0.7572916666666667 0.8222222222222222 0.05 0.05
5 0.8625 0.8537037037037037 0.05 0.05
5 0.27291666666666664 0.9361111111111111 0.05 0.05
3 0.8828125 0.7555555555555555 0.05 0.05
3 0.016666666666666666 0.7972222222222223 0.05 0.05
3 0.965625 0.7777777777777778 0.05 0.05
3 0.14895833333333333 0.8407407407407408 0.05 0.05
3 0.80625 0.7675925925925926 0.05 0.05
3 0.3182291666666667 0.7944444444444444 0.05 0.05
