6 0.1265625 0.03194444444444444 0.06875 0.06388888888888888
1 0.13776041666666666 0.2810185185185185 0.0390625 0.4861111111111111
2 0.24322916666666666 0.42453703703703705 0.051041666666666666 0.2861111111111111
2 0.007291666666666667 0.45 0.014583333333333334 0.3907407407407407
2 0.54609375 0.6657407407407407 0.1765625 0.6685185185185185
0 0.08255208333333333 0.6268518518518519 0.05677083333333333 0.09074074074074075
4 0.14270833333333333 0.5157407407407407 0.05 0.05
4 0.19166666666666668 0.4787037037037037 0.05 0.05
4 0.8208333333333333 0.5555555555555556 0.05 0.05
5 0.475 0.6787037037037037 0.05 0.05
3 0.20885416666666667 0.46574074074074073 0.05 0.05
3 0.34010416666666665 0.5425925925925926 0.05 0.05
