1 0.9994791666666667 0.49074074074074076 0.0 0.0
2 0.010416666666666666 0.3486111111111111 0.020833333333333332 0.10092592592592593
2 0.23958333333333334 0.3578703703703704 0.028125 0.09907407407407408
2 0.1375 0.49722222222222223 0.11458333333333333 0.4648148148148148
0 0.30963541666666666 0.4013888888888889 0.016145833333333335 0.028703703703703703
4 0.9286458333333333 0.45740740740740743 0.05 0.05
4 0.0109375 0.38055555555555554 0.05 0.05
4 0.42552083333333335 0.40555555555555556 0.05 0.05
5 0.18229166666666666 0.5342592592592592 0.05 0.05
5 0.32760416666666664 0.45740740740740743 0.05 0.05
5 0.26927083333333335 0.487962962962963 0.05 0.05
5 0.8458333333333333 0.5509259259259259 0.05 0.05
3 0.9010416666666666 0.4444444444444444 0.05 0.05
3 0.052083333333333336 0.37592592592592594 0.05 0.05
3 0.8494791666666667 0.4787037037037037 0.05 0.05
3 0.6848958333333334 0.43703703703703706 0.05 0.05
3 0.17291666666666666 0.39444444444444443 0.05 0.05
