1 0.41796875 0.09861111111111111 0.0359375 0.19722222222222222
1 0.66796875 0.012962962962962963 0.011979166666666667 0.025925925925925925
2 0.5604166666666667 0.05787037037037037 0.04583333333333333 0.11574074074074074
2 0.6729166666666667 0.2689814814814815 0.159375 0.537962962962963
2 0.7802083333333333 0.24953703703703703 0.17083333333333334 0.49907407407407406
2 0.6497395833333334 0.05555555555555555 0.0484375 0.1111111111111111
4 0.3953125 0.21203703703703702 0.05 0.05
4 0.18229166666666666 0.3388888888888889 0.05 0.05
4 0.715625 0.021296296296296296 0.05 0.05
5 0.8354166666666667 0.14629629629629629 0.05 0.05
3 0.7348958333333333 0.009259259259259259 0.05 0.05
3 0.9880208333333333 0.03333333333333333 0.05 0.05
