1 0.4161458333333333 0.030555555555555555 0.016666666666666666 0.06111111111111111
1 0.64453125 0.06388888888888888 0.0453125 0.12777777777777777
2 0.054427083333333334 0.06388888888888888 0.10885416666666667 0.12777777777777777
2 0.5606770833333333 0.12453703703703704 0.0796875 0.2490740740740741
2 0.6239583333333333 0.06157407407407407 0.058333333333333334 0.12314814814814815
2 0.5817708333333333 0.07731481481481481 0.06770833333333333 0.09537037037037037
2 0.06979166666666667 0.10694444444444444 0.13958333333333334 0.21388888888888888
0 0.20703125 0.19814814814814816 0.0578125 0.08518518518518518
4 0.6348958333333333 0.12777777777777777 0.05 0.05
4 0.40729166666666666 0.05648148148148148 0.05 0.05
4 0.6765625 0.14074074074074075 0.05 0.05
4 0.2453125 0.006481481481481481 0.05 0.05
5 0.6541666666666667 0.23981481481481481 0.05 0.05
3 0.6942708333333333 0.14537037037037037 0.05 0.05
3 0.69375 0.19537037037037036 0.05 0.05
3 0.4640625 0.16203703703703703 0.05 0.05
3 0.3359375 0.3814814814814815 0.05 0.05
3 0.8046875 0.27870370370370373 0.05 0.05
