1 0.3065104166666667 0.736574074074074 0.09114583333333333 0.5009259259259259
6 0.42942708333333335 0.5736111111111111 0.20885416666666667 0.20277777777777778
1 0.5200520833333333 0.7717592592592593 0.025520833333333333 0.24351851851851852
2 0.13671875 0.8231481481481482 0.14635416666666667 0.3537037037037037
2 0.39114583333333336 0.8310185185185185 0.07916666666666666 0.2324074074074074
2 0.73359375 0.8856481481481482 0.06927083333333334 0.22870370370370371
0 0.14140625 0.9685185185185186 0.04635416666666667 0.046296296296296294
4 0.5203125 0.8907407407407407 0.05 0.05
4 0.26145833333333335 0.9842592592592593 0.05 0.05
4 0.553125 0.8796296296296297 0.05 0.05
3 0.5661458333333333 0.875 0.05 0.05
3 0.6213541666666667 0.9268518518518518 0.05 0.05
3 0.7473958333333334 0.9435185185185185 0.05 0.05
