1 0.50390625 0.42453703703703705 0.0546875 0.8490740740740741
2 0.9705729166666667 0.5060185185185185 0.058854166666666666 0.22685185185185186
0 0.5317708333333333 0.5851851851851851 0.003125 0.03333333333333333
4 0.5171875 0.8629629629629629 0.05 0.05
4 0.9322916666666666 0.3490740740740741 0.05 0.05
4 0.7010416666666667 0.3648148148148148 0.05 0.05
5 0.8552083333333333 0.4064814814814815 0.05 0.05
5 0.9473958333333333 0.43148148148148147 0.05 0.05
5 0.65625 0.48333333333333334 0.05 0.05
3 0.8973958333333333 0.34444444444444444 0.05 0.05
3 0.8067708333333333 0.7481481481481481 0.05 0.05
3 0.5739583333333333 0.38796296296296295 0.05 0.05
3 0.85 0.3574074074074074 0.05 0.05
