6 0.0859375 0.3574074074074074 0.171875 0.08148148148148149
1 0.1640625 0.5162037037037037 0.014583333333333334 0.2601851851851852
2 0.02109375 0.6018518518518519 0.0421875 0.2388888888888889
4 0.17864583333333334 0.6407407407407407 0.05 0.05
4 0.2390625 0.6129629629629629 0.05 0.05
4 0.6364583333333333 0.6018518518518519 0.05 0.05
5 0.7208333333333333 0.6694444444444444 0.05 0.05
5 0.8697916666666666 0.7888888888888889 0.05 0.05
5 0.7765625 0.7138888888888889 0.05 0.05
5 0.2635416666666667 0.7148148148148148 0.05 0.05
3 0.26145833333333335 0.6027777777777777 0.05 0.05
3 0.28541666666666665 0.6398148148148148 0.05 0.05
3 0.4171875 0.6129629629629629 0.05 0.05
3 0.8822916666666667 0.612037037037037 0.05 0.05
