1 0.6388020833333333 0.3055555555555556 0.0203125 0.32592592592592595
6 0.8171875 0.1111111111111111 0.36770833333333336 0.09814814814814815
2 0.07005208333333333 0.38425925925925924 0.0859375 0.2351851851851852
2 0.0125 0.3814814814814815 0.025 0.22962962962962963
2 0.8020833333333334 0.4074074074074074 0.05625 0.21666666666666667
2 0.48125 0.3578703703703704 0.029166666666666667 0.1361111111111111
2 0.6197916666666666 0.37407407407407406 0.025 0.16111111111111112
2 0.43072916666666666 0.3638888888888889 0.034375 0.14629629629629629
4 0.6302083333333334 0.4685185185185185 0.05 0.05
4 0.5432291666666667 0.44537037037037036 0.05 0.05
5 0.6161458333333333 0.5648148148148148 0.05 0.05
3 0.5072916666666667 0.4351851851851852 0.05 0.05
3 0.5208333333333334 0.4861111111111111 0.05 0.05
3 0.31197916666666664 0.475 0.05 0.05
