1 0.36302083333333335 0.4888888888888889 0.011458333333333333 0.12407407407407407
6 0.44088541666666664 0.43657407407407406 0.15677083333333333 0.030555555555555555
1 0.5140625 0.5078703703703704 0.010416666666666666 0.12314814814814815
2 0.6052083333333333 0.6037037037037037 0.04479166666666667 0.20185185185185187
2 0.3229166666666667 0.5430555555555555 0.026041666666666668 0.14537037037037037
2 0.6611979166666667 0.5921296296296297 0.027604166666666666 0.16203703703703703
2 0.4236979166666667 0.5217592592592593 0.021354166666666667 0.07685185185185185
2 0.36171875 0.5273148148148148 0.0265625 0.10648148148148148
2 0.3346354166666667 0.5199074074074074 0.024479166666666666 0.09907407407407408
0 0.19166666666666668 0.575925925925926 0.017708333333333333 0.025925925925925925
4 0.5223958333333333 0.5712962962962963 0.05 0.05
4 0.3572916666666667 0.5518518518518518 0.05 0.05
4 0.5770833333333333 0.5777777777777777 0.05 0.05
4 0.3 0.5453703703703704 0.05 0.05
4 0.7619791666666667 0.6907407407407408 0.05 0.05
5 0.47604166666666664 0.6592592592592592 0.05 0.05
5 0.284375 0.637962962962963 0.05 0.05
5 0.3807291666666667 0.6481481481481481 0.05 0.05
5 0.43020833333333336 0.5768518518518518 0.05 0.05
3 0.2713541666666667 0.5416666666666666 0.05 0.05
3 0.5276041666666667 0.5814814814814815 0.05 0.05
3 0.33958333333333335 0.5592592592592592 0.05 0.05
3 0.2375 0.5611111111111111 0.05 0.05
