1 0.41953125 0.7736111111111111 0.0234375 0.28425925925925927
6 0.5515625 0.6199074074074075 0.2864583333333333 0.049074074074074076
1 0.6986979166666667 0.7148148148148148 0.0296875 0.22037037037037038
2 0.6401041666666667 0.7865740740740741 0.036458333333333336 0.14907407407407408
2 0.9809895833333333 0.7703703703703704 0.03802083333333333 0.23148148148148148
2 0.16197916666666667 0.9055555555555556 0.04895833333333333 0.18518518518518517
2 0.76875 0.9027777777777778 0.16458333333333333 0.19444444444444445
4 0.4010416666666667 0.9222222222222223 0.05 0.05
4 0.2640625 0.9574074074074074 0.05 0.05
4 0.7989583333333333 0.8222222222222222 0.05 0.05
5 0.6723958333333333 0.9138888888888889 0.05 0.05
3 0.8380208333333333 0.812037037037037 0.05 0.05
3 0.1875 0.9768518518518519 0.05 0.05
3 0.4296875 0.9546296296296296 0.05 0.05
3 0.7916666666666666 0.8546296296296296 0.05 0.05
