6 0.12682291666666667 0.5120370370370371 0.25364583333333335 0.47962962962962963
1 0.21458333333333332 0.8402777777777778 0.07916666666666666 0.3398148148148148
1 0.8893229166666666 0.7944444444444444 0.05364583333333333 0.16296296296296298
6 0.9315104166666667 0.7069444444444445 0.13697916666666668 0.03611111111111111
2 0.98671875 0.8449074074074074 0.0265625 0.0787037037037037
2 0.49609375 0.8912037037037037 0.019270833333333334 0.09722222222222222
2 0.5505208333333333 0.8759259259259259 0.01875 0.05555555555555555
4 0.8953125 0.8694444444444445 0.05 0.05
4 0.8208333333333333 0.8611111111111112 0.05 0.05
4 0.6114583333333333 0.8962962962962963 0.05 0.05
5 0.7796875 0.95 0.05 0.05
5 0.8890625 0.9851851851851852 0.05 0.05
3 0.24166666666666667 0.975925925925926 0.05 0.05
3 0.7901041666666667 0.8574074074074074 0.05 0.05
3 0.45416666666666666 0.9472222222222222 0.05 0.05
3 0.7546875 0.8768518518518519 0.05 0.05
