1 0.008854166666666666 0.837037037037037 0.017708333333333333 0.2740740740740741
6 0.0953125 0.21666666666666667 0.190625 0.25555555555555554
1 0.19140625 0.4847222222222222 0.0421875 0.3731481481481482
2 0.11067708333333333 0.6393518518518518 0.07864583333333333 0.2953703703703704
2 0.77421875 0.5157407407407407 0.07447916666666667 0.26481481481481484
2 0.96953125 0.42407407407407405 0.044270833333333336 0.14074074074074075
2 0.7166666666666667 0.48518518518518516 0.046875 0.17962962962962964
0 0.9953125 0.6162037037037037 0.009375 0.05462962962962963
4 0.20520833333333333 0.6675925925925926 0.05 0.05
4 0.23072916666666668 0.6305555555555555 0.05 0.05
4 0.746875 0.5157407407407407 0.05 0.05
5 0.9348958333333334 0.5416666666666666 0.05 0.05
5 0.4875 0.6833333333333333 0.05 0.05
3 0.24010416666666667 0.6166666666666667 0.05 0.05
3 0.36354166666666665 0.6342592592592593 0.05 0.05
3 0.4890625 0.5787037037037037 0.05 0.05
