1 0.48515625 0.6087962962962963 0.011979166666666667 0.1527777777777778
6 0.5802083333333333 0.5175925925925926 0.20104166666666667 0.04814814814814815
1 0.6817708333333333 0.5898148148148148 0.019791666666666666 0.17777777777777778
2 0.4630208333333333 0.6546296296296297 0.009375 0.06111111111111111
2 0.290625 0.6962962962962963 0.026041666666666668 0.09259259259259259
2 0.6036458333333333 0.6356481481481482 0.023958333333333335 0.09166666666666666
2 0.43203125 0.65 0.019270833333333334 0.08518518518518518
2 0.33828125 0.6731481481481482 0.0265625 0.11296296296296296
2 0.5291666666666667 0.6513888888888889 0.020833333333333332 0.10833333333333334
0 0.7484375 0.6995370370370371 0.01875 0.030555555555555555
4 0.7036458333333333 0.6787037037037037 0.05 0.05
4 0.48385416666666664 0.6861111111111111 0.05 0.05
4 0.7973958333333333 0.675 0.05 0.05
4 0.4239583333333333 0.687962962962963 0.05 0.05
4 0.0234375 0.825925925925926 0.05 0.05
5 0.5447916666666667 0.8944444444444445 0.05 0.05
5 0.27239583333333334 0.8583333333333333 0.05 0.05
5 0.3921875 0.8740740740740741 0.05 0.05
5 0.5567708333333333 0.7101851851851851 0.05 0.05
3 0.3958333333333333 0.6888888888888889 0.05 0.05
3 0.8489583333333334 0.6731481481481482 0.05 0.05
3 0.7067708333333333 0.6953703703703704 0.05 0.05
3 0.45416666666666666 0.7018518518518518 0.05 0.05
