1 0.39505208333333336 0.19444444444444445 0.021354166666666667 0.3888888888888889
1 0.76328125 0.14953703703703702 0.0296875 0.29907407407407405
2 0.24817708333333333 0.5 0.49635416666666665 1.0
2 0.653125 0.24074074074074073 0.03958333333333333 0.1685185185185185
2 0.52421875 0.4699074074074074 0.1453125 0.525
0 0.5489583333333333 0.4824074074074074 0.041666666666666664 0.05925925925925926
4 0.7739583333333333 0.2953703703703704 0.05 0.05
4 0.8505208333333333 0.275 0.05 0.05
5 0.9010416666666666 0.4009259259259259 0.05 0.05
3 0.8828125 0.2675925925925926 0.05 0.05
3 0.9265625 0.31851851851851853 0.05 0.05
3 0.4630208333333333 0.8527777777777777 0.05 0.05
