1 0.12369791666666667 0.5337962962962963 0.0140625 0.18611111111111112
6 0.23411458333333332 0.43796296296296294 0.23489583333333333 0.022222222222222223
1 0.35 0.5152777777777777 0.0125 0.16203703703703703
2 0.23697916666666666 0.5615740740740741 0.022916666666666665 0.10277777777777777
2 0.9502604166666667 0.5236111111111111 0.0609375 0.2361111111111111
2 0.6359375 0.55 0.04479166666666667 0.22407407407407406
2 0.48125 0.5689814814814815 0.04791666666666667 0.2490740740740741
0 0.7791666666666667 0.6550925925925926 0.03229166666666667 0.05277777777777778
4 0.365625 0.5953703703703703 0.05 0.05
4 0.11979166666666667 0.6287037037037037 0.05 0.05
4 0.434375 0.5861111111111111 0.05 0.05
4 0.0171875 0.6416666666666667 0.05 0.05
4 0.6625 0.6101851851851852 0.05 0.05
5 0.4088541666666667 0.6555555555555556 0.05 0.05
5 0.18072916666666666 0.6953703703703704 0.05 0.05
5 0.3026041666666667 0.674074074074074 0.05 0.05
5 0.48385416666666664 0.8981481481481481 0.05 0.05
5 0.2625 0.6231481481481481 0.05 0.05
3 0.4666666666666667 0.5824074074074074 0.05 0.05
3 0.38385416666666666 0.600925925925926 0.05 0.05
3 0.10989583333333333 0.6388888888888888 0.05 0.05
3 0.9260416666666667 0.675 0.05 0.05
