1 0.48046875 0.337037037037037 0.011979166666666667 0.1962962962962963
6 0.6026041666666667 0.22546296296296298 0.2552083333333333 0.049074074074074076
1 0.7244791666666667 0.324537037037037 0.0125 0.22870370370370371
2 0.590625 0.38472222222222224 0.026041666666666668 0.10648148148148148
2 0.23645833333333333 0.4013888888888889 0.028125 0.11203703703703703
2 0.40729166666666666 0.39351851851851855 0.025 0.1111111111111111
2 0.34088541666666666 0.4185185185185185 0.0265625 0.06481481481481481
2 0.340625 0.4222222222222222 0.022916666666666665 0.07037037037037037
4 0.46822916666666664 0.4361111111111111 0.05 0.05
4 0.7307291666666667 0.44074074074074077 0.05 0.05
4 0.3963541666666667 0.43425925925925923 0.05 0.05
4 0.8421875 0.4425925925925926 0.05 0.05
4 0.9328125 0.6027777777777777 0.05 0.05
5 0.21197916666666666 0.5305555555555556 0.05 0.05
5 0.4203125 0.5518518518518518 0.05 0.05
5 0.3078125 0.5407407407407407 0.05 0.05
5 0.5322916666666667 0.4583333333333333 0.05 0.05
3 0.3625 0.43425925925925923 0.05 0.05
3 0.7114583333333333 0.4546296296296296 0.05 0.05
3 0.8291666666666667 0.47962962962962963 0.05 0.05
3 0.2838541666666667 0.4583333333333333 0.05 0.05
