1 0.4557291666666667 0.41712962962962963 0.009375 0.1361111111111111
6 0.546875 0.3458333333333333 0.18541666666666667 0.025
1 0.6299479166666667 0.4300925925925926 0.019270833333333334 0.18055555555555555
2 0.35833333333333334 0.44814814814814813 0.027083333333333334 0.1037037037037037
2 0.5557291666666667 0.4736111111111111 0.016666666666666666 0.06574074074074074
2 0.37552083333333336 0.4652777777777778 0.023958333333333335 0.0824074074074074
2 0.13307291666666668 0.44675925925925924 0.03802083333333333 0.09351851851851851
0 0.28463541666666664 0.48194444444444445 0.0140625 0.021296296296296296
4 0.640625 0.5231481481481481 0.05 0.05
4 0.7390625 0.5435185185185185 0.05 0.05
4 0.40729166666666666 0.47685185185185186 0.05 0.05
5 0.47708333333333336 0.5203703703703704 0.05 0.05
3 0.3880208333333333 0.4722222222222222 0.05 0.05
3 0.7989583333333333 0.5555555555555556 0.05 0.05
3 0.63125 0.5425925925925926 0.05 0.05
3 0.41041666666666665 0.49166666666666664 0.05 0.05
3 0.29791666666666666 0.4861111111111111 0.05 0.05
