1 0.1359375 0.7972222222222223 0.03333333333333333 0.22407407407407406
6 0.26927083333333335 0.6972222222222222 0.25416666666666665 0.037037037037037035
1 0.3893229166666667 0.799074074074074 0.015104166666666667 0.18703703703703703
2 0.24817708333333333 0.8578703703703704 0.024479166666666666 0.08611111111111111
2 0.016666666666666666 0.8657407407407407 0.026041666666666668 0.10185185185185185
2 0.004427083333333333 0.9027777777777778 0.008854166666666666 0.07777777777777778
2 0.011458333333333333 0.8606481481481482 0.022916666666666665 0.20833333333333334
4 0.10416666666666667 0.9083333333333333 0.05 0.05
4 0.39166666666666666 0.8944444444444445 0.05 0.05
4 0.46927083333333336 0.8898148148148148 0.05 0.05
4 0.7984375 0.9925925925925926 0.05 0.05
5 0.26614583333333336 0.9277777777777778 0.05 0.05
3 0.5052083333333334 0.887962962962963 0.05 0.05
3 0.41302083333333334 0.9074074074074074 0.05 0.05
3 0.5401041666666667 0.9194444444444444 0.05 0.05
