1 0.803125 0.7351851851851852 0.103125 0.14444444444444443
6 0.8734375 0.6074074074074074 0.246875 0.13703703703703704
1 0.9919270833333333 0.5578703703703703 0.015104166666666667 0.017592592592592594
1 0.13567708333333334 0.8310185185185185 0.2713541666666667 0.4083333333333333
6 0.3221354166666667 0.6833333333333333 0.15677083333333333 0.11851851851851852
1 0.3731770833333333 0.8412037037037037 0.05260416666666667 0.2212962962962963
2 0.29192708333333334 0.9009259259259259 0.07552083333333333 0.19814814814814816
2 0.696875 0.8018518518518518 0.07395833333333333 0.1388888888888889
2 0.92890625 0.7694444444444445 0.06927083333333334 0.06111111111111111
2 0.5877604166666667 0.8208333333333333 0.011979166666666667 0.041666666666666664
2 0.7403645833333333 0.8245370370370371 0.04739583333333333 0.0787037037037037
2 0.7200520833333334 0.8101851851851852 0.0328125 0.05925925925925926
0 0.48932291666666666 0.3050925925925926 0.0005208333333333333 0.000925925925925926
4 0.8463541666666666 0.8009259259259259 0.05 0.05
4 0.7796875 0.8009259259259259 0.05 0.05
4 0.3541666666666667 0.9453703703703704 0.05 0.05
4 0.3880208333333333 0.9101851851851852 0.05 0.05
4 0.5963541666666666 0.8444444444444444 0.05 0.05
5 0.84375 0.9527777777777777 0.05 0.05
5 0.6739583333333333 0.8787037037037037 0.05 0.05
5 0.73125 0.9037037037037037 0.05 0.05
5 0.9458333333333333 0.8305555555555556 0.05 0.05
3 0.7552083333333334 0.8009259259259259 0.05 0.05
3 0.39947916666666666 0.8981481481481481 0.05 0.05
3 0.8067708333333333 0.812962962962963 0.05 0.05
3 0.42291666666666666 0.925 0.05 0.05
3 0.709375 0.8203703703703704 0.05 0.05
3 0.490625 0.8814814814814815 0.05 0.05
