1 0.6114583333333333 0.8078703703703703 0.017708333333333333 0.19907407407407407
6 0.71171875 0.7083333333333334 0.2171875 0.018518518518518517
1 0.8263020833333333 0.8018518518518518 0.0296875 0.1925925925925926
2 0.46484375 0.8921296296296296 0.058854166666666666 0.21574074074074073
2 0.6598958333333333 0.8851851851851852 0.059375 0.21481481481481482
2 0.57578125 0.8907407407407407 0.049479166666666664 0.21296296296296297
2 0.6786458333333333 0.8759259259259259 0.017708333333333333 0.053703703703703705
2 0.6630208333333333 0.9050925925925926 0.021875 0.049074074074074076
2 0.4588541666666667 0.9560185185185185 0.029166666666666667 0.07685185185185185
0 0.5947916666666667 0.8949074074074074 0.0125 0.023148148148148147
4 0.8505208333333333 0.8962962962962963 0.05 0.05
4 0.6104166666666667 0.9083333333333333 0.05 0.05
4 0.9276041666666667 0.8916666666666667 0.05 0.05
4 0.5239583333333333 0.912962962962963 0.05 0.05
5 0.8161458333333333 0.9342592592592592 0.05 0.05
3 0.4791666666666667 0.9148148148148149 0.05 0.05
3 0.9651041666666667 0.8898148148148148 0.05 0.05
3 0.9171875 0.912962962962963 0.05 0.05
3 0.6385416666666667 0.9287037037037037 0.05 0.05
3 0.5578125 0.9675925925925926 0.05 0.05
