6 0.030208333333333334 0.38796296296296295 0.06041666666666667 0.03148148148148148
1 0.04791666666666667 0.4981481481481482 0.025 0.21296296296296297
2 0.20182291666666666 0.5726851851851852 0.027604166666666666 0.13425925925925927
2 0.30859375 0.5976851851851852 0.0265625 0.14722222222222223
0 0.008854166666666666 0.6791666666666667 0.017708333333333333 0.041666666666666664
4 0.049479166666666664 0.6046296296296296 0.05 0.05
4 0.15208333333333332 0.6083333333333333 0.05 0.05
4 0.415625 0.7296296296296296 0.05 0.05
5 0.03802083333333333 0.7685185185185185 0.05 0.05
3 0.196875 0.6101851851851852 0.05 0.05
3 0.06822916666666666 0.6231481481481481 0.05 0.05
3 0.6958333333333333 0.95 0.05 0.05
3 0.2140625 0.6472222222222223 0.05 0.05
