1 0.2877604166666667 0.6314814814814815 0.07760416666666667 0.4185185185185185
6 0.43697916666666664 0.3912037037037037 0.375 0.1175925925925926
1 0.6356770833333333 0.46435185185185185 0.049479166666666664 0.2490740740740741
2 0.5341145833333333 0.5800925925925926 0.058854166666666666 0.19537037037037036
2 0.9317708333333333 0.5185185185185185 0.13645833333333332 0.4722222222222222
2 0.2755208333333333 0.7490740740740741 0.07395833333333333 0.2574074074074074
4 0.659375 0.5824074074074074 0.05 0.05
4 0.7244791666666667 0.5342592592592592 0.05 0.05
5 0.7432291666666667 0.8009259259259259 0.05 0.05
3 0.7510416666666667 0.5148148148148148 0.05 0.05
3 0.7838541666666666 0.5787037037037037 0.05 0.05
