1 0.5361979166666667 0.4875 0.005729166666666666 0.075
6 0.6052083333333333 0.44074074074074077 0.13958333333333334 0.03518518518518519
1 0.6669270833333333 0.4976851851851852 0.0171875 0.1398148148148148
2 0.61640625 0.5347222222222222 0.0265625 0.10277777777777777
2 0.38385416666666666 0.5125 0.019791666666666666 0.08425925925925926
2 0.4421875 0.4981481481481482 0.009375 0.04259259259259259
2 0.5674479166666667 0.5106481481481482 0.0140625 0.05277777777777778
2 0.4778645833333333 0.5166666666666667 0.022395833333333334 0.08703703703703704
2 0.28958333333333336 0.5083333333333333 0.036458333333333336 0.0962962962962963
4 0.6802083333333333 0.5722222222222222 0.05 0.05
4 0.821875 0.6175925925925926 0.05 0.05
4 0.5114583333333333 0.5185185185185185 0.05 0.05
4 0.3328125 0.5314814814814814 0.05 0.05
5 0.28020833333333334 0.5981481481481481 0.05 0.05
5 0.221875 0.6722222222222223 0.05 0.05
5 0.5421875 0.5564814814814815 0.05 0.05
3 0.5026041666666666 0.5157407407407407 0.05 0.05
3 0.9578125 0.6611111111111111 0.05 0.05
3 0.6713541666666667 0.5953703703703703 0.05 0.05
3 0.5098958333333333 0.5296296296296297 0.05 0.05
3 0.4588541666666667 0.524074074074074 0.05 0.05
