6 0.08177083333333333 0.08796296296296297 0.16354166666666667 0.12037037037037036
1 0.15052083333333333 0.31574074074074077 0.023958333333333335 0.3907407407407407
2 0.6528645833333333 0.6023148148148149 0.10885416666666667 0.44907407407407407
0 0.12135416666666667 0.5458333333333333 0.035416666666666666 0.058333333333333334
4 0.15572916666666667 0.5101851851851852 0.05 0.05
4 0.24166666666666667 0.4861111111111111 0.05 0.05
4 0.9046875 0.5703703703703704 0.05 0.05
5 0.26979166666666665 0.6342592592592593 0.05 0.05
3 0.275 0.4759259259259259 0.05 0.05
3 0.3067708333333333 0.5351851851851852 0.05 0.05
3 0.5135416666666667 0.5277777777777778 0.05 0.05
