1 0.7713541666666667 0.5782407407407407 0.023958333333333335 0.14722222222222223
6 0.8877604166666667 0.5268518518518519 0.22447916666666667 0.06111111111111111
2 0.9114583333333334 0.6754629629629629 0.035416666666666666 0.09907407407407408
2 0.18177083333333333 0.45185185185185184 0.03958333333333333 0.1388888888888889
2 0.36302083333333335 0.5430555555555555 0.05416666666666667 0.19907407407407407
2 0.39921875 0.49722222222222223 0.03177083333333333 0.11296296296296296
2 0.44244791666666666 0.5731481481481482 0.0734375 0.26851851851851855
4 0.7526041666666666 0.6453703703703704 0.05 0.05
4 0.6989583333333333 0.6194444444444445 0.05 0.05
5 0.5348958333333333 0.6166666666666667 0.05 0.05
5 0.6427083333333333 0.6990740740740741 0.05 0.05
5 0.5802083333333333 0.6509259259259259 0.05 0.05
5 0.7916666666666666 0.6861111111111111 0.05 0.05
5 0.14010416666666667 0.5777777777777777 0.05 0.05
3 0.019791666666666666 0.4462962962962963 0.05 0.05
3 0.6765625 0.6083333333333333 0.05 0.05
3 0.09895833333333333 0.5018518518518519 0.05 0.05
3 0.9890625 0.7777777777777778 0.05 0.05
3 0.24739583333333334 0.5111111111111111 0.05 0.05
3 0.6135416666666667 0.5990740740740741 0.05 0.05
