6 0.16432291666666668 0.11712962962962963 0.32864583333333336 0.03611111111111111
1 0.3268229166666667 0.2638888888888889 0.022395833333333334 0.2851851851851852
2 0.596875 0.4773148148148148 0.06666666666666667 0.17314814814814813
2 0.20625 0.34675925925925927 0.040625 0.15462962962962962
2 0.053385416666666664 0.35833333333333334 0.04739583333333333 0.16296296296296298
4 0.3541666666666667 0.40370370370370373 0.05 0.05
4 0.46510416666666665 0.3888888888888889 0.05 0.05
5 0.578125 0.6722222222222223 0.05 0.05
5 0.0203125 0.8555555555555555 0.05 0.05
5 0.34270833333333334 0.75 0.05 0.05
5 0.18697916666666667 0.47685185185185186 0.05 0.05
3 0.5151041666666667 0.3824074074074074 0.05 0.05
