1 0.23203125 0.6986111111111111 0.03802083333333333 0.23055555555555557
6 0.33229166666666665 0.611574074074074 0.18541666666666667 0.06944444444444445
1 0.41953125 0.7078703703703704 0.013020833333333334 0.14722222222222223
2 0.7036458333333333 0.7513888888888889 0.025 0.12685185185185185
2 0.21614583333333334 0.7449074074074075 0.04479166666666667 0.14351851851851852
2 0.29244791666666664 0.7398148148148148 0.044270833333333336 0.12777777777777777
2 0.32864583333333336 0.7791666666666667 0.096875 0.29907407407407405
2 0.35260416666666666 0.7712962962962963 0.09895833333333333 0.13333333333333333
4 0.425 0.7805555555555556 0.05 0.05
4 0.46510416666666665 0.775 0.05 0.05
4 0.06510416666666667 0.8361111111111111 0.05 0.05
4 0.76875 0.8018518518518518 0.05 0.05
5 0.7661458333333333 0.8435185185185186 0.05 0.05
5 0.7614583333333333 0.9074074074074074 0.05 0.05
5 0.7640625 0.8685185185185185 0.05 0.05
5 0.43020833333333336 0.8092592592592592 0.05 0.05
3 0.4817708333333333 0.7722222222222223 0.05 0.05
3 0.4739583333333333 0.7870370370370371 0.05 0.05
3 0.2630208333333333 0.8296296296296296 0.05 0.05
3 0.1640625 0.9009259259259259 0.05 0.05
3 0.5677083333333334 0.7861111111111111 0.05 0.05
