1 0.3375 0.6583333333333333 0.0125 0.11851851851851852
6 0.40911458333333334 0.6018518518518519 0.14114583333333333 0.014814814814814815
1 0.47578125 0.6662037037037037 0.008854166666666666 0.125
2 0.4166666666666667 0.687037037037037 0.01875 0.07592592592592592
2 0.3533854166666667 0.7027777777777777 0.0328125 0.12407407407407407
2 0.31927083333333334 0.7342592592592593 0.03125 0.14814814814814814
2 0.020833333333333332 0.8078703703703703 0.041666666666666664 0.3138888888888889
4 0.3255208333333333 0.7175925925925926 0.05 0.05
4 0.478125 0.7296296296296296 0.05 0.05
4 0.27760416666666665 0.7138888888888889 0.05 0.05
4 0.5338541666666666 0.7342592592592593 0.05 0.05
4 0.5515625 0.8231481481481482 0.05 0.05
5 0.14010416666666667 0.7777777777777778 0.05 0.05
5 0.2864583333333333 0.7944444444444444 0.05 0.05
5 0.2109375 0.7861111111111111 0.05 0.05
5 0.3640625 0.7351851851851852 0.05 0.05
3 0.5625 0.7361111111111112 0.05 0.05
3 0.25416666666666665 0.712037037037037 0.05 0.05
3 0.29583333333333334 0.7231481481481481 0.05 0.05
3 0.4661458333333333 0.7379629629629629 0.05 0.05
3 0.521875 0.7555555555555555 0.05 0.05
3 0.19583333333333333 0.7268518518518519 0.05 0.05
