1 0.5169270833333334 0.5888888888888889 0.024479166666666666 0.2833333333333333
6 0.5731770833333333 0.4773148148148148 0.13489583333333333 0.0787037037037037
1 0.6442708333333333 0.5768518518518518 0.021875 0.15185185185185185
2 0.6080729166666666 0.6439814814814815 0.0265625 0.06018518518518518
2 0.04296875 0.8768518518518519 0.0859375 0.2462962962962963
4 0.5052083333333334 0.7398148148148148 0.05 0.05
4 0.653125 0.6509259259259259 0.05 0.05
4 0.3453125 0.8351851851851851 0.05 0.05
4 0.6739583333333333 0.637962962962963 0.05 0.05
5 0.8140625 0.7194444444444444 0.05 0.05
3 0.6817708333333333 0.6333333333333333 0.05 0.05
3 0.7395833333333334 0.6583333333333333 0.05 0.05
3 0.8661458333333333 0.649074074074074 0.05 0.05
