1 0.29453125 0.4305555555555556 0.013020833333333334 0.23333333333333334
6 0.41953125 0.32916666666666666 0.2598958333333333 0.049074074074074076
1 0.5432291666666667 0.44074074074074077 0.0125 0.19814814814814816
2 0.37864583333333335 0.5222222222222223 0.025 0.07407407407407407
2 0.4986979166666667 0.48703703703703705 0.0265625 0.1111111111111111
2 0.7013020833333333 0.5398148148148149 0.04010416666666667 0.2037037037037037
2 0.3333333333333333 0.6129629629629629 0.09479166666666666 0.3925925925925926
2 0.016927083333333332 0.5370370370370371 0.033854166666666664 0.26296296296296295
0 0.3890625 0.6287037037037037 0.022916666666666665 0.04814814814814815
4 0.55625 0.5407407407407407 0.05 0.05
4 0.2869791666666667 0.5481481481481482 0.05 0.05
4 0.6296875 0.5388888888888889 0.05 0.05
4 0.171875 0.5518518518518518 0.05 0.05
5 0.8625 0.6833333333333333 0.05 0.05
5 0.625 0.7212962962962963 0.05 0.05
5 0.7546875 0.700925925925926 0.05 0.05
5 0.490625 0.5722222222222222 0.05 0.05
3 0.1078125 0.5537037037037037 0.05 0.05
3 0.6630208333333333 0.537962962962963 0.05 0.05
3 0.6026041666666667 0.5555555555555556 0.05 0.05
3 0.16927083333333334 0.6037037037037037 0.05 0.05
